38.71,
38.82,
39.13,
39.13,
38.92,
39.03,
39.03,
38.40,
38.20,
38.20,
38.20,
37.68,
37.68,
37.58,
37.68,
37.68,
37.48,
37.58,
37.68,
37.48,
37.79,
37.68,
37.68,
37.58,
37.79,
37.99,
38.09,
37.58,
37.68,
37.48,
37.18,
37.38,
37.28,
37.07,
37.28,
37.48,
37.18,
37.07,
37.38,
36.97,
37.07,
37.07,
36.97,
36.47,
36.77,
36.87,
36.47,
36.57,
36.77,
36.57,
36.47,
36.57,
36.87,
36.77,
36.37,
36.37,
35.58,
35.97,
36.07,
35.97,
35.38,
35.58,
35.48,
35.18,
34.99,
35.09,
35.18,
35.09,
35.18,
35.18,
35.18,
34.79,
35.18,
34.99,
34.89,
34.60,
34.79,
34.79,
34.79,
34.89,
34.70,
34.60,
34.79,
34.50,
34.60,
34.70,
34.60,
34.41,
34.50,
34.41,
34.31,
33.92,
34.12,
34.31,
34.21,
34.31,
34.31,
34.21,
34.12,
34.02,
33.73,
33.63,
33.63,
33.54,
33.54,
33.54,
33.16,
33.63,
33.35,
33.54,
33.54,
33.44,
33.06,
32.68,
32.78,
32.78,
32.68,
32.68,
32.40,
32.40,
32.50,
32.40,
32.31,
32.21,
32.03,
32.12,
32.12,
31.93,
31.75,
31.75,
31.65,
31.56,
31.37,
31.37,
31.37,
30.45,
30.82,
30.82,
30.27,
29.54,
30.08,
30.63,
30.27,
30.45,
29.90,
29.35,
29.17,
30.27,
30.54,
29.90,
29.44,
29.72,
30.17,
30.27,
30.45,
30.45,
30.63,
30.63,
30.36,
29.26,
29.17,
30.08,
30.45,
30.45,
29.44,
29.17,
29.26,
28.81,
28.81,
28.72,
29.17,
29.08,
28.63,
28.45,
28.36,
28.36,
29.08,
29.72,
30.17,
29.99,
29.90,
29.72,
29.72,
29.54,
29.44,
29.35,
28.54,
28.09,
28.09,
28.00,
27.56,
27.20,
27.11,
27.29,
27.65,
27.02,
26.85,
27.38,
27.02,
26.76,
26.93,
26.85,
27.11,
27.02,
26.85,
26.76,
26.58,
26.40,
26.32,
26.32,
26.49,
26.85,
27.11,
27.47,
27.47,
27.29,
27.02,
26.85,
26.58,
26.32,
26.14,
26.05,
25.96,
26.05,
26.05,
26.14,
26.14,
26.23,
26.32,
26.23,
26.23,
26.14,
26.05,
26.05,
25.96,
25.88,
25.79,
25.79,
25.70,
25.52,
25.44,
25.35,
25.26,
25.17,
25.17,
25.09,
25.09,
25.00,
24.91,
24.83,
24.74,
24.65,
24.56,
24.48,
24.39,
24.39,
24.39,
24.22,
24.30,
24.39,
24.56,
24.56,
24.56,
24.65,
24.56,
24.48,
24.48,
24.48,
24.48,
24.65,
24.65,
24.65,
24.56,
24.56,
24.48,
24.39,
24.30,
24.22,
24.13,
23.96,
23.96,
23.96,
23.70,
23.70,
23.70,
23.61,
23.44,
23.44,
23.35,
23.26,
23.18,
23.18,
23.18,
23.09,
23.00,
22.92,
22.92,
23.00,
22.83,
22.83,
22.83,
22.83,
22.75,
22.66,
22.66,
22.57,
22.66,
22.57,
22.49,
22.57,
22.49,
22.49,
22.49,
22.40,
22.40,
22.40,
22.40,
22.31,
22.31,
