20.60,
20.77,
20.60,
20.68,
20.68,
20.60,
20.68,
20.60,
20.60,
20.60,
20.68,
20.60,
20.60,
20.68,
20.68,
20.68,
20.77,
20.77,
20.68,
20.77,
20.68,
20.60,
20.68,
20.68,
20.68,
20.77,
20.77,
20.86,
20.86,
20.94,
20.94,
21.03,
21.03,
21.03,
21.11,
21.03,
21.11,
21.20,
21.28,
21.28,
21.54,
21.71,
21.63,
21.71,
21.71,
21.63,
21.63,
21.54,
21.46,
21.46,
21.37,
21.20,
21.28,
21.28,
21.11,
21.11,
21.11,
21.03,
20.94,
20.86,
20.86,
20.77,
20.68,
20.60,
20.51,
20.51,
20.43,
20.43,
20.43,
20.43,
20.34,
20.34,
20.34,
20.34,
20.34,
20.34,
20.17,
20.34,
20.26,
20.17,
20.26,
20.26,
20.34,
20.43,
20.51,
20.68,
20.77,
20.94,
21.03,
21.20,
21.28,
21.46,
21.37,
21.37,
21.28,
21.37,
21.28,
21.11,
21.11,
21.11,
21.11,
20.94,
20.94,
20.94,
20.86,
20.86,
20.77,
20.68,
20.77,
20.68,
20.68,
20.68,
20.60,
20.68,
20.60,
20.51,
20.51,
20.43,
20.43,
20.51,
20.51,
20.51,
20.51,
20.51,
20.51,
20.51,
20.51,
20.43,
20.51,
20.51,
20.51,
20.51,
20.43,
20.43,
20.51,
20.43,
20.34,
20.43,
20.43,
20.43,
20.43,
20.43,
20.34,
20.43,
20.34,
20.43,
20.34,
20.43,
20.34,
20.34,
20.34,
20.51,
20.51,
20.51,
20.51,
20.51,
20.60,
20.68,
20.86,
20.86,
21.03,
20.94,
20.86,
20.94,
20.86,
20.86,
20.86,
20.77,
20.77,
20.77,
20.68,
20.68,
20.60,
20.51,
20.60,
20.51,
20.51,
20.51,
20.51,
20.51,
20.51,
20.51,
20.51,
20.43,
20.34,
20.34,
20.34,
20.51,
20.34,
20.43,
20.43,
20.51,
20.51,
20.51,
20.51,
20.51,
20.43,
20.43,
20.34,
20.26,
20.17,
20.17,
20.08,
20.00,
20.00,
20.00,
20.00,
19.91,
20.00,
19.91,
19.91,
19.83,
19.83,
19.83,
19.74,
19.74,
19.74,
19.66,
19.66,
19.57,
19.57,
19.57,
19.57,
19.57,
19.57,
19.57,
19.49,
19.49,
19.49,
19.49,
19.49,
19.49,
19.40,
19.40,
19.40,
19.40,
19.32,
19.23,
19.40,
19.40,
19.40,
19.40,
19.40,
19.40,
19.40,
19.40,
19.40,
19.49,
19.57,
19.74,
19.83,
19.83,
19.83,
19.74,
19.74,
19.74,
19.66,
19.57,
19.57,
19.57,
19.57,
19.57,
19.57,
19.57,
19.49,
19.49,
19.57,
19.57,
19.49,
19.57,
19.57,
19.49,
19.40,
19.32,
19.32,
19.32,
19.32,
19.23,
19.32,
19.40,
19.40,
19.49,
19.66,
19.83,
19.83,
19.91,
19.91,
20.00,
20.17,
20.26,
20.34,
20.43,
20.60,
20.68,
20.68,
20.77,
20.86,
20.86,
20.86,
20.86,
20.86,
20.77,
20.68,
20.60,
20.60,
20.51,
20.43,
20.43,
20.43,
20.34,
20.34,
20.34,
20.34,
20.26,
20.26,
20.17,
20.17,
20.08,
20.08,
20.00,
20.08,
20.00,
19.91,
20.00,
19.91,
19.91,
19.91,
19.91,
20.00,
20.00,
19.91,
20.00,
19.91,
19.91,
19.91,
19.91,
19.83,
19.83,
19.83,
19.83,
19.91,
19.83,
20.00,
20.00,
20.00,
20.17,
20.17,
20.17,
20.34,
20.34,
20.43,
20.34,
20.26,
20.26,
20.26,
20.17,
20.17,
20.08,
20.17,
20.08,
20.00,
20.08,
19.91,
19.91,
19.91,
19.83,
19.83,
19.83,
19.74,
19.74,
19.74,
19.66,
19.66,
19.57,
19.49,
19.57,
19.49,
19.49,
19.49,
19.49,
19.49,
19.49,
19.40,
19.40,
19.40,
19.32,
19.32,
19.32,
19.32,
19.23,
19.23,
19.14,
19.23,
19.23,
19.23,
19.23,
19.23,
19.14,
19.06,
18.97,
19.06,
19.23,
19.23,
19.32,
19.32,
19.49,
19.57,
19.66,
19.83,
19.91,
19.91,
19.91,
20.00,
20.00,
20.08,
20.00,
20.00,
20.00,
20.00,
20.08,
19.91,
20.00,
20.00,
20.00,
20.00,
20.08,
20.08,
20.00,
20.08,
20.08,
20.08,
20.08,
20.08,
20.00,
19.91,
19.83,
19.91,
19.83,
19.83,
19.83,
19.83,
19.83,
19.83,
19.91,
19.91,
20.00,
20.17,
20.17,
20.43,
20.51,
20.68,
20.86,
21.11,
21.20,
21.37,
21.54,
21.71,
21.80,
21.97,
22.14,
22.40,
22.57,
22.75,
22.75,
22.83,
23.09,
23.44,
23.61,
23.87,
24.04,
24.22,
24.39,
24.65,
24.74,
24.83,
24.91,
25.09,
25.26,
25.44,
25.44,
25.44,
25.26,
25.44,
25.35,
25.17,
25.00,
25.00,
24.83,
24.74,
24.56,
24.30,
24.22,
24.22,
24.04,
23.96,
23.87,
23.87,
23.96,
23.96,
24.04,
24.04,
24.04,
23.96,
24.04,
24.04,
24.04,
23.87,
23.87,
23.87,
23.78,
24.13,
24.56,
25.09,
25.44,
25.88,
25.70,
25.96,
26.14,
25.61,
25.88,
26.58,
27.02,
27.47,
28.00,
28.27,
28.63,
28.99,
29.35,
29.63,
29.90,
30.27,
30.36,
30.63,
30.91,
31.09,
31.56,
31.93,
31.93,
31.93,
32.12,
32.31,
32.59,
32.59,
33.06,
33.35,
33.35,
33.63,
34.02,
33.83,
34.31,
34.60,
34.89,
34.89,
35.28,
35.09,
33.92,
33.16,
32.50,
31.84,
31.37,
30.73,
30.27,
30.08,
29.54,
28.99,
28.63,
28.27,
28.00,
28.36,
29.08,
28.54,
28.00,
27.82,
28.45,
30.17,
29.72,
29.99,
30.82,
31.65,
32.50,
32.78,
33.35,
33.54,
33.73,
34.12,
34.50,
34.60,
34.99,
34.99,
35.48,
35.77,
35.77,
35.77,
35.97,
36.57,
36.77,
36.87,
35.97,
36.87,
37.28,
36.67,
36.47,
37.28,
37.68,
37.68,
37.99,
38.20,
36.17,
34.60,
33.92,
33.54,
34.99,
35.77,
36.27,
36.97,
37.58,
38.09,
38.40,
38.92,
39.13,
40.19,
40.73,
38.71,
37.48,
36.57,
35.87,
35.09,
34.50,
33.44,
32.97,
32.59,
32.03,
31.65,
31.28,
30.91,
30.45,
30.17,
29.99,
29.81,
29.81,
29.99,
30.17,
31.00,
33.83,
34.02,
35.68,
36.87,
37.18,
34.60,
33.44,
32.68,
32.21,
31.75,
31.28,
30.73,
30.36,
31.47,
32.21,
34.60,
36.17,
37.48,
38.92,
39.87,
40.40,
37.58,
36.57,
35.87,
34.89,
34.12,
33.25,
32.40,
31.93,
31.47,
31.28,
31.75,
34.41,
35.77,
36.27,
36.87,
37.68,
38.71,
39.13,
39.55,
39.45,
40.40,
40.73,
41.16,
41.60,
41.82,
42.15,
42.82,
43.16,
43.27,
43.50,
43.50,
41.27,
41.27,
38.51,
37.07,
37.38,
36.87,
36.67,
36.27,
38.92,
39.55,
39.98,
40.73,
41.60,
41.93,
41.82,
42.26,
42.04,
42.15,
42.71,
42.82,
43.05,
43.27,
43.85,
44.42,
44.42,
44.42,
44.54,
44.31,
44.89,
42.26,
42.04,
39.98,
38.40,
37.89,
40.62,
41.49,
42.04,
42.93,
43.16,
43.39,
43.27,
43.50,
43.62,
43.39,
43.73,
44.08,
44.08,
42.48,
42.93,
42.60,
43.96,
43.96,
43.50,
44.19,
44.54,
45.01,
43.27,
40.83,
43.05,
40.08,
38.71,
40.51,
39.87,
39.45,
38.61,
38.40,
40.08,
40.73,
41.27,
41.71,
41.93,
42.48,
43.27,
43.85,
44.78,
45.13,
42.04,
40.19,
39.45,
39.66,
38.71,
39.76,
38.82,
37.79,
38.71,
40.62,
41.27,
41.60,
42.37,
43.16,
42.82,
41.82,
42.71,
43.62,
43.50,
42.15,
41.16,
41.60,
43.27,
41.27,
39.03,
37.79,
36.97,
39.98,
40.94,
42.15,
42.37,
43.05,
43.16,
42.60,
42.82,
42.82,
43.05,
43.39,
43.05,
39.66,
40.94,
41.93,
42.37,
42.71,
43.27,
43.62,
43.62,
43.39,
42.60,
42.71,
43.62,
43.39,
43.62,
43.39,
43.73,
44.19,
44.31,
44.08,
44.08,
43.96,
43.85,
43.62,
43.50,
43.96,
43.62,
43.50,
43.73,
43.27,
43.05,
43.62,
43.16,
43.16,
43.62,
43.73,
43.96,
43.73,
43.39,
43.62,
43.50,
43.16,
42.93,
43.39,
43.27,
43.50,
43.73,
43.85,
43.50,
43.62,
43.50,
43.62,
43.27,
43.50,
43.62,
43.85,
44.08,
43.96,
44.19,
43.96,
43.73,
43.73,
43.85,
43.50,
43.39,
43.39,
43.16,
43.05,
43.05,
43.05,
42.60,
42.71,
42.82,
43.16,
43.27,
43.16,
42.37,
42.15,
42.15,
42.04,
42.37,
42.60,
42.48,
42.48,
42.82,
42.71,
42.48,
43.16,
43.16,
42.82,
43.39,
43.50,
43.62,
43.50,
43.39,
43.16,
41.60,
42.37,
42.71,
42.82,
42.93,
42.48,
42.48,
42.48,
42.48,
42.71,
42.60,
42.04,
42.04,
42.15,
42.26,
42.26,
42.26,
42.04,
42.37,
42.37,
42.48,
42.60,
42.26,
42.26,
42.71,
42.48,
42.37,
41.82,
41.82,
41.82,
41.93,
41.82,
42.04,
41.71,
41.71,
41.16,
40.94,
40.73,
40.94,
41.27,
41.27,
41.27,
41.49,
41.27,
41.27,
41.16,
41.16,
40.83,
40.40,
40.40,
40.83,
40.73,
40.73,
40.62,
40.83,
40.73,
40.51,
40.51,
40.51,
40.51,
40.62,
40.73,
40.40,
40.40,
40.40,
40.30,
40.08,
39.87,
39.87,
40.08,
39.66,
39.87,
39.76,
39.98,
39.87,
39.76,
39.66,
39.66,
39.87,
39.66,
39.45,
39.34,
39.55,
39.13,
38.30,
38.51,
38.92,
39.03,
38.82,
38.61,
38.61,
38.51,
38.82,
38.61,
38.82,
38.40,
38.30,
38.20,
38.09,
37.89,
37.68,
37.79,
37.68,
37.68,
37.58,
37.99,
37.79,
37.99,
37.99,
37.89,
37.99,
37.89,
37.68,
37.58,
37.89,
37.79,
37.68,
37.58,
37.89,
37.89,
37.79,
37.48,
37.18,
37.28,
37.38,
37.48,
37.28,
37.18,
36.87,
36.97,
36.87,
36.77,
36.77,
36.27,
36.07,
35.77,
35.77,
35.77,
35.77,
35.77,
35.68,
35.77,
35.87,
35.77,
35.77,
35.68,
35.48,
35.48,
35.38,
35.58,
35.77,
35.18,
34.89,
34.89,
34.89,
34.79,
34.50,
34.41,
34.60,
34.60,
34.21,
34.21,
34.21,
34.31,
34.21,
34.21,
34.12,
34.02,
33.83,
33.73,
33.73,
33.73,
33.63,
33.44,
33.44,
33.35,
33.06,
33.06,
33.25,
33.16,
33.06,
33.16,
32.97,
33.25,
33.25,
32.87,
32.87,
32.78,
32.59,
32.50,
32.59,
32.40,
32.31,
32.40,
32.31,
32.21,
32.12,
32.03,
32.03,
31.93,
31.84,
31.84,
31.75,
31.84,
31.75,
31.65,
31.65,
31.65,
31.56,
31.47,
31.28,
31.47,
31.37,
31.37,
31.28,
31.28,
31.09,
31.00,
31.09,
30.91,
30.91,
30.82,
30.73,
30.63,
30.73,
30.54,
30.63,
30.73,
30.63,
30.36,
30.27,
30.27,
30.27,
30.08,
30.08,
30.08,
29.99,
30.08,
30.08,
29.90,
29.90,
29.72,
29.63,
29.63,
29.63,
29.54,
29.54,
29.54,
29.35,
29.26,
29.26,
29.26,
29.17,
29.17,
28.99,
28.90,
28.81,
28.81,
28.81,
28.63,
28.54,
28.54,
28.45,
28.27,
28.27,
28.27,
28.18,
28.09,
28.00,
27.91,
27.82,
27.82,
27.73,
27.29,
26.93,
26.76,
26.67,
26.76,
26.76,
26.76,
26.93,
27.02,
27.11,
27.29,
27.29,
27.47,
27.56,
27.38,
27.20,
27.02,
26.85,
26.67,
26.49,
26.32,
26.32,
26.14,
26.05,
25.96,
25.88,
25.88,
25.88,
25.79,
25.79,
25.70,
25.61,
25.52,
25.52,
25.44,
25.44,
25.44,
25.35,
25.35,
25.35,
25.26,
25.17,
25.09,
25.09,
25.09,
25.00,
25.00,
24.91,
25.00,
24.91,
24.91,
24.91,
24.83,
24.74,
24.74,
24.65,
24.56,
24.56,
24.56,
24.48,
24.48,
24.39,
24.30,
24.39,
24.30,
24.30,
24.13,
24.13,
24.13,
24.04,
24.04,
24.04,
23.96,
23.87,
23.78,
23.87,
23.78,
23.78,
23.70,
23.70,
23.61,
23.61,
23.52,
23.52,
23.44,
23.44,
23.35,
23.35,
23.18,
23.18,
23.18,
23.18,
23.09,
23.09,
23.09,
23.00,
22.92,
22.83,
22.75,
22.66,
22.66,
22.75,
22.57,
22.57,
22.57,
22.66,
22.57,
22.49,
22.49,
22.49,
22.40,
22.40,
22.40,
22.31,
22.40,
22.31,
22.31,
22.40,
22.31,
22.31,
22.23,
22.23,
