36.07,
35.87,
36.07,
34.60,
35.38,
35.38,
35.58,
35.48,
35.58,
35.58,
35.58,
35.48,
36.07,
36.37,
36.67,
36.67,
36.87,
36.87,
36.77,
36.97,
37.28,
37.48,
37.48,
36.97,
37.18,
37.58,
37.89,
38.09,
38.40,
38.51,
36.97,
36.77,
36.27,
37.68,
37.79,
37.89,
38.40,
38.51,
38.51,
38.51,
38.92,
38.92,
38.61,
38.61,
37.99,
36.87,
37.28,
37.07,
38.09,
38.82,
39.45,
39.87,
39.76,
40.40,
39.24,
40.30,
37.68,
37.38,
36.17,
38.30,
39.03,
39.45,
37.89,
37.28,
38.71,
39.66,
40.08,
40.30,
39.45,
37.99,
39.03,
39.24,
39.98,
37.89,
37.07,
38.30,
39.03,
39.13,
40.19,
40.51,
40.83,
41.16,
41.60,
41.93,
42.26,
42.37,
42.71,
42.71,
42.71,
42.48,
40.73,
41.82,
42.60,
42.82,
41.93,
41.16,
40.62,
42.04,
42.04,
42.26,
42.82,
43.27,
42.37,
43.16,
43.27,
43.96,
44.19,
44.08,
43.96,
44.08,
43.73,
43.96,
44.31,
44.66,
44.54,
44.42,
44.66,
45.01,
44.66,
44.54,
44.66,
44.08,
43.62,
44.19,
44.66,
44.42,
44.54,
43.85,
43.96,
44.42,
44.78,
42.48,
40.94,
42.48,
44.08,
44.42,
44.31,
44.54,
44.42,
44.42,
44.54,
44.42,
44.66,
45.01,
45.13,
45.60,
45.72,
45.96,
46.33,
46.33,
45.72,
45.01,
45.01,
45.37,
45.60,
45.37,
45.25,
45.72,
45.96,
45.13,
43.73,
41.60,
43.96,
42.93,
44.42,
44.78,
45.48,
45.13,
42.04,
40.51,
43.62,
44.19,
44.19,
44.54,
44.66,
44.89,
45.25,
42.93,
42.26,
41.60,
41.05,
43.62,
44.08,
44.54,
44.66,
45.25,
45.72,
44.31,
41.38,
44.19,
45.01,
42.48,
44.31,
44.89,
43.50,
44.19,
44.42,
44.78,
45.01,
45.01,
44.78,
44.08,
41.93,
40.83,
43.27,
43.73,
44.19,
41.93,
40.40,
40.08,
42.93,
44.08,
44.89,
45.37,
44.78,
42.60,
